1. 8.67797801902e-18
8.79608676112e-09 0.999999991204
0.999999999958 4.17375073578e-11
0.971371317728 0.0286286822722
0. 1.
1. 1.84785182221e-18
0.999999999784 2.16377114179e-10
1.48188149151e-59 1.
0. 1.
0.999999999203 7.97469333218e-10
0.638630163312 0.361369836688
0.999999999931 6.87557251473e-11
0. 1.
0.999999999988 1.15474252862e-11
0.0444919737522 0.955508026248
0.999999999994 5.6533624398e-12
0. 1.
0.999999999937 6.33894117971e-11
0.782892468499 0.217107531501
0.999999999719 2.80581468512e-10
0. 1.
0.999999999882 1.17895825594e-10
0.852286482117 0.147713517883
0.999999999713 2.86674395686e-10
0. 1.
0.999999999945 5.52782503381e-11
0.245675336937 0.754324663063
0.999999999979 2.10985877301e-11
0. 1.
1. 4.0709207042e-15
2.18839016242e-05 0.999978116098
1. 1.68769280966e-15
0. 1.
1. 8.50807039162e-21
2.80862945681e-58 1.
1. 3.99246776839e-20
0. 1.
0.999999999944 5.57092371432e-11
0.616769704283 0.383230295717
0.999999999932 6.83101521877e-11
0. 1.
0.999999999917 8.33953965676e-11
0.586128772936 0.413871227064
0.999999974266 2.57339819181e-08
0. 1.
0.999999999904 9.56678286556e-11
0.337382904666 0.662617095334
0.999999999959 4.11043531787e-11
0. 1.
0.999999999988 1.17936537162e-11
0.115137860517 0.884862139483
0.999906139331 9.38606690973e-05
0. 1.
0.999999999946 5.44819078839e-11
0.710947725814 0.289052274186
0.999999999923 7.65847724467e-11
0. 1.
0.999999999952 4.75586560642e-11
0.743439043628 0.256560956372
0.999999998679 1.32064191906e-09
0. 1.
0.999999999928 7.19256726762e-11
0.744660968998 0.255339031002
0.999999999932 6.78858357302e-11
0. 1.
0.999999999683 3.16571724614e-10
0.858922649783 0.141077350217
0.999999999748 2.51825464538e-10
0. 1.
0. 1.
0. 1.
0. 1.
0. 1.
0. 1.
0. 1.
0. 1.
0. 1.
0. 1.
0. 1.
0. 1.
0. 1.
0. 1.
0. 1.
0. 1.
0. 1.
0. 1.
0. 1.
0. 1.
0. 1.
0. 1.
0. 1.
0. 1.
0. 1.
0. 1.
0. 1.
0. 1.
0. 1.
0. 1.
0. 1.
0. 1.
0. 1.
0. 1.
0. 1.
0. 1.
0. 1.
0. 1.
0. 1.
0. 1.
0. 1.
0. 1.
0. 1.
0. 1.
0. 1.
0. 1.
0. 1.
0. 1.
0. 1.
