0.00208168024646 0.997918319754
3.05086636697e-10 0.999999999695
1. 3.98556035398e-17
2.04574996389e-06 0.99999795425
0.00343660929536 0.996563390705
0.0163029158451 0.983697084155
0.999999994061 5.93920203489e-09
0.0260280925738 0.973971907426
4.31597354493e-25 1.
0.999999992568 7.43173286757e-09
0.0874209871762 0.912579012824
0.144314350153 0.855685649847
0.999999997789 2.21065268317e-09
0.132594152825 0.867405847175
0.0806603465836 0.919339653416
0.999999994113 5.88686945222e-09
0. 1.
0. 1.
0. 1.
0. 1.
0. 1.
0. 1.
0. 1.
0. 1.
0. 1.
0. 1.
0. 1.
0. 1.
0. 1.
0. 1.
0. 1.
0. 1.
