0.99999999784 2.16002401667e-09
1.1171616881e-12 0.999999999999
1.31104745405e-12 0.999999999999
1.64674336776e-37 1.
0. 1.
1. 8.14660077756e-17
0.999999999666 3.34102806475e-10
6.0915241809e-141 1.
0. 1.
0.999999998533 1.46709016982e-09
0.838128056088 0.161871943912
0.588487782951 0.411512217049
0. 1.
1. 6.01168928316e-14
0.00247453772626 0.997525462274
0.999930192304 6.98076961089e-05
0. 1.
1. 3.48704188426e-13
0.949898176987 0.0501018230135
0.0874260714873 0.912573928513
0. 1.
0.99999999982 1.80280515149e-10
0.966725017667 0.033274982333
0.233317541311 0.766682458689
0. 1.
0.999999999567 4.3303509983e-10
0.390748382143 0.609251617857
0.828347237791 0.171652762209
0. 1.
1. 9.18419156952e-17
3.22043887597e-06 0.999996779561
0.999999911599 8.84006310323e-08
0. 1.
1. 4.8243950876e-20
6.68179270878e-36 1.
0.999999999964 3.58966425376e-11
0. 1.
0.999999999838 1.62156597161e-10
0.928787883991 0.0712121160093
0.26337776805 0.73662223195
0. 1.
0.999999999999 8.34097870646e-13
0.998856050314 0.00114394968637
0.00324581094121 0.996754189059
0. 1.
0.999999999944 5.60501847516e-11
0.895407580449 0.104592419551
0.187465452627 0.812534547373
0. 1.
1. 6.11996248526e-17
0.999999996914 3.08552818837e-09
4.81445305172e-22 1.
0. 1.
1. 7.67690085293e-19
0.999999999958 4.15451235219e-11
1.21530028017e-77 1.
0. 1.
0.999999999993 7.2291130332e-12
0.988107201917 0.011892798083
0.0628321226256 0.937167877374
0. 1.
1. 1.45942918215e-18
0.999999999918 8.24265816043e-11
8.42822937735e-287 1.
0. 1.
0.999999999491 5.08786596004e-10
0.94457203278 0.0554279672204
0.451358524019 0.548641475981
0. 1.
0. 1.
0. 1.
0. 1.
0. 1.
0. 1.
0. 1.
0. 1.
0. 1.
0. 1.
0. 1.
0. 1.
0. 1.
0. 1.
0. 1.
0. 1.
0. 1.
0. 1.
0. 1.
0. 1.
0. 1.
0. 1.
0. 1.
0. 1.
0. 1.
0. 1.
0. 1.
0. 1.
0. 1.
0. 1.
0. 1.
0. 1.
0. 1.
0. 1.
0. 1.
0. 1.
0. 1.
0. 1.
0. 1.
0. 1.
0. 1.
0. 1.
0. 1.
0. 1.
0. 1.
0. 1.
0. 1.
0. 1.
0. 1.
0. 1.
0. 1.
0. 1.
0. 1.
